{
 "cells": [
  {
   "cell_type": "markdown",
   "id": "cee09a13-d108-48c6-a25d-bd6c3d81f5ee",
   "metadata": {},
   "source": [
    "# Step 1 & 2\n",
    "### 1. Load the Dataset:\n",
    "• Import the Gapminder dataset into a Pandas DataFrame.\n",
    "### 2. Data Merging:\n",
    "• Convert from wide to long, if necessary.\n",
    "\n",
    "• Merge different parameters such as gdp, population, life expectancy, and so on.\n",
    "\n",
    "***Note: I'm quite sure there is a less messy and easier way to do this but after many trial and error sequences, this worked out and honestly I did not have the energy in me to optimize it.***"
   ]
  },
  {
   "cell_type": "code",
   "execution_count": 3,
   "id": "85885ab6-b53f-495e-9ffd-cd7d0525109b",
   "metadata": {
    "tags": []
   },
   "outputs": [
    {
     "data": {
      "text/html": [
       "<div>\n",
       "<style scoped>\n",
       "    .dataframe tbody tr th:only-of-type {\n",
       "        vertical-align: middle;\n",
       "    }\n",
       "\n",
       "    .dataframe tbody tr th {\n",
       "        vertical-align: top;\n",
       "    }\n",
       "\n",
       "    .dataframe thead th {\n",
       "        text-align: right;\n",
       "    }\n",
       "</style>\n",
       "<table border=\"1\" class=\"dataframe\">\n",
       "  <thead>\n",
       "    <tr style=\"text-align: right;\">\n",
       "      <th></th>\n",
       "      <th></th>\n",
       "      <th>Population</th>\n",
       "      <th>Life expectancy</th>\n",
       "      <th>GDP</th>\n",
       "    </tr>\n",
       "    <tr>\n",
       "      <th>country</th>\n",
       "      <th></th>\n",
       "      <th></th>\n",
       "      <th></th>\n",
       "      <th></th>\n",
       "    </tr>\n",
       "  </thead>\n",
       "  <tbody>\n",
       "    <tr>\n",
       "      <th rowspan=\"5\" valign=\"top\">Afghanistan</th>\n",
       "      <th>1800</th>\n",
       "      <td>3.28M</td>\n",
       "      <td>28.2</td>\n",
       "      <td>599</td>\n",
       "    </tr>\n",
       "    <tr>\n",
       "      <th>1801</th>\n",
       "      <td>3.28M</td>\n",
       "      <td>28.2</td>\n",
       "      <td>599</td>\n",
       "    </tr>\n",
       "    <tr>\n",
       "      <th>1802</th>\n",
       "      <td>3.28M</td>\n",
       "      <td>28.2</td>\n",
       "      <td>599</td>\n",
       "    </tr>\n",
       "    <tr>\n",
       "      <th>1803</th>\n",
       "      <td>3.28M</td>\n",
       "      <td>28.2</td>\n",
       "      <td>599</td>\n",
       "    </tr>\n",
       "    <tr>\n",
       "      <th>1804</th>\n",
       "      <td>3.28M</td>\n",
       "      <td>28.2</td>\n",
       "      <td>599</td>\n",
       "    </tr>\n",
       "    <tr>\n",
       "      <th>...</th>\n",
       "      <th>...</th>\n",
       "      <td>...</td>\n",
       "      <td>...</td>\n",
       "      <td>...</td>\n",
       "    </tr>\n",
       "    <tr>\n",
       "      <th rowspan=\"5\" valign=\"top\">Zimbabwe</th>\n",
       "      <th>2096</th>\n",
       "      <td>35.5M</td>\n",
       "      <td>73.9</td>\n",
       "      <td>10.8k</td>\n",
       "    </tr>\n",
       "    <tr>\n",
       "      <th>2097</th>\n",
       "      <td>35.5M</td>\n",
       "      <td>74.0</td>\n",
       "      <td>11k</td>\n",
       "    </tr>\n",
       "    <tr>\n",
       "      <th>2098</th>\n",
       "      <td>35.6M</td>\n",
       "      <td>74.2</td>\n",
       "      <td>11.3k</td>\n",
       "    </tr>\n",
       "    <tr>\n",
       "      <th>2099</th>\n",
       "      <td>35.6M</td>\n",
       "      <td>74.3</td>\n",
       "      <td>11.6k</td>\n",
       "    </tr>\n",
       "    <tr>\n",
       "      <th>2100</th>\n",
       "      <td>35.6M</td>\n",
       "      <td>74.4</td>\n",
       "      <td>11.9k</td>\n",
       "    </tr>\n",
       "  </tbody>\n",
       "</table>\n",
       "<p>59197 rows × 3 columns</p>\n",
       "</div>"
      ],
      "text/plain": [
       "                 Population  Life expectancy    GDP\n",
       "country                                            \n",
       "Afghanistan 1800      3.28M             28.2    599\n",
       "            1801      3.28M             28.2    599\n",
       "            1802      3.28M             28.2    599\n",
       "            1803      3.28M             28.2    599\n",
       "            1804      3.28M             28.2    599\n",
       "...                     ...              ...    ...\n",
       "Zimbabwe    2096      35.5M             73.9  10.8k\n",
       "            2097      35.5M             74.0    11k\n",
       "            2098      35.6M             74.2  11.3k\n",
       "            2099      35.6M             74.3  11.6k\n",
       "            2100      35.6M             74.4  11.9k\n",
       "\n",
       "[59197 rows x 3 columns]"
      ]
     },
     "execution_count": 3,
     "metadata": {},
     "output_type": "execute_result"
    }
   ],
   "source": [
    "import numpy as np\n",
    "import pandas as pd\n",
    "\n",
    "root_path = f\"/Users/cem/Desktop/KU/SOCI354/Assignments/Assignment 2 Datasets\"\n",
    "\n",
    "gdp_data = pd.read_csv(root_path+'/gdp_pcap.csv')\n",
    "life_expectancy_data = pd.read_csv(root_path+'/life expectancy.csv')\n",
    "population_data = pd.read_csv(root_path+'/population.csv')\n",
    "\n",
    "gdp_data = gdp_data.set_index(\"country\")\n",
    "life_expectancy_data = life_expectancy_data.set_index(\"country\")\n",
    "population_data = population_data.set_index(\"country\")\n",
    "\n",
    "gdp_data = gdp_data.stack()\n",
    "gdp_data = gdp_data.rename(\"GDP\")\n",
    "\n",
    "\n",
    "life_expectancy_data = life_expectancy_data.stack()\n",
    "life_expectancy_data = life_expectancy_data.rename(\"Life expectancy\")\n",
    "\n",
    "population_data = population_data.stack()\n",
    "population_data = population_data.rename(\"Population\")\n",
    "\n",
    "my_df = pd.concat([population_data, life_expectancy_data, gdp_data], axis=1)\n",
    "my_df\n"
   ]
  },
  {
   "cell_type": "markdown",
   "id": "b98dcf1c-8abd-48fb-bef1-4d66a994bff6",
   "metadata": {},
   "source": [
    "# Step 3\n",
    "\n",
    "### 3. Data Cleaning and Preparation:\n",
    "• Identify and handle missing values in the dataset.\n",
    "\n",
    "***The most logical option I believe was forward fill, so I did that.***\n",
    "\n",
    "• Rename columns if necessary to make them more descriptive (e.g., rename 'pop' to 'Population').**(I did this in the prior step)**"
   ]
  },
  {
   "cell_type": "code",
   "execution_count": 4,
   "id": "a3c21369-b0cf-478c-bb7c-012e93e8176d",
   "metadata": {
    "tags": []
   },
   "outputs": [
    {
     "name": "stdout",
     "output_type": "stream",
     "text": [
      "Number of NaN values: 3083\n",
      "Total number of values: 177591\n",
      "0\n"
     ]
    }
   ],
   "source": [
    "nan_count = my_df.isna().sum().sum()\n",
    "\n",
    "# Counting total values\n",
    "total_count = my_df.size\n",
    "\n",
    "print(\"Number of NaN values:\", nan_count)\n",
    "print(\"Total number of values:\", total_count)\n",
    "\n",
    "my_df_wout_nans = my_df.ffill(axis=0)\n",
    "print(my_df_wout_nans.isna().sum().sum())  # Print again to see if everything seems fine"
   ]
  },
  {
   "cell_type": "markdown",
   "id": "3a461da0-dd64-49e9-a3c2-ea61321222b0",
   "metadata": {},
   "source": [
    "# Step 4\n",
    "### 4. Data Exploration:\n",
    "• Display the first and last 5 rows of the dataset.\n",
    "\n",
    "• Identify the number of unique countries represented in the dataset.\n",
    "\n",
    "• Extract data for a specific year (e.g., 2000) and create a new DataFrame."
   ]
  },
  {
   "cell_type": "code",
   "execution_count": 7,
   "id": "79a76d29-07a1-479b-94cc-9ee0fab613be",
   "metadata": {
    "tags": []
   },
   "outputs": [
    {
     "name": "stdout",
     "output_type": "stream",
     "text": [
      "                 Population  Life expectancy  GDP\n",
      "country     year                                 \n",
      "Afghanistan 1800      3.28M             28.2  599\n",
      "            1801      3.28M             28.2  599\n",
      "            1802      3.28M             28.2  599\n",
      "            1803      3.28M             28.2  599\n",
      "            1804      3.28M             28.2  599\n",
      "              Population  Life expectancy    GDP\n",
      "country  year                                   \n",
      "Zimbabwe 2096      35.5M             73.9  10.8k\n",
      "         2097      35.5M             74.0    11k\n",
      "         2098      35.6M             74.2  11.3k\n",
      "         2099      35.6M             74.3  11.6k\n",
      "         2100      35.6M             74.4  11.9k\n",
      "197\n"
     ]
    }
   ],
   "source": [
    "print(my_df_wout_nans.iloc[:5]) # Display the first 5 rows\n",
    "print(my_df_wout_nans.iloc[-5:,:]) # Display the last 5 rows\n",
    "\n",
    "my_df_wout_nans.index.set_names('year', level=1, inplace=True)\n",
    "\n",
    "my_df_2000 = my_df_wout_nans.loc[my_df_wout_nans.index.get_level_values('year') == '2000']\n",
    "\n",
    "countries = [i[0] for i in my_df_2000.index]\n",
    "print(len(countries))  # Prints out how many unique countries there are (197)"
   ]
  },
  {
   "cell_type": "markdown",
   "id": "cc34ecd5-7ea5-4808-ba58-55428f142a92",
   "metadata": {},
   "source": [
    "# Step 5\n",
    "\n",
    "### 5. Data Filtering:\n",
    "• Select all data related to a continent of your choice (e.g., Africa).\n",
    "***Because the data did not have continents included in the datapoints, I asked ChatGPT to give me a Python list of all the countries in Europe (double-checked that the length of the list matched my Google search on how many countries there were in Europe) and used that list as my reference point in the filtering operation. I excluded Kosovo and Vatican City as they did not show up in the list of countries in the DataFrame. I achieved that by the following code:***\n"
   ]
  },
  {
   "cell_type": "code",
   "execution_count": 9,
   "id": "8f1661c2-625e-4d71-9176-f3734a723852",
   "metadata": {
    "tags": []
   },
   "outputs": [],
   "source": [
    "EUROPEAN_COUNTRY_LIST = [\n",
    "    \"Albania\", \"Andorra\", \"Armenia\", \"Austria\", \"Azerbaijan\", \"Belarus\", \"Belgium\", \"Bosnia and Herzegovina\",\n",
    "    \"Bulgaria\", \"Croatia\", \"Cyprus\", \"Czech Republic\", \"Denmark\", \"Estonia\", \"Finland\", \"France\", \"Georgia\",\n",
    "    \"Germany\", \"Greece\", \"Hungary\", \"Iceland\", \"Ireland\", \"Italy\", \"Kazakhstan\", \"Latvia\", \"Liechtenstein\",\n",
    "    \"Lithuania\", \"Luxembourg\", \"Malta\", \"Moldova\", \"Monaco\", \"Montenegro\", \"Netherlands\", \"North Macedonia\", \"Norway\",\n",
    "    \"Poland\", \"Portugal\", \"Romania\", \"Russia\", \"San Marino\", \"Serbia\", \"Slovak Republic\", \"Slovenia\", \"Spain\", \"Sweden\",\n",
    "    \"Switzerland\", \"Turkey\", \"Ukraine\", \"UK\"\n",
    "]\n",
    "countries = [i[0] for i in my_df_2000.index]\n",
    "\n",
    "for country in EUROPEAN_COUNTRY_LIST:\n",
    "    if country not in countries:\n",
    "        print(country)\n",
    "        \n",
    "# Also changed the name of 'United Kingdom' and 'Slovakia' to fit how they were coded in the DataFrame ('UK' and 'Slovak Republic')"
   ]
  },
  {
   "cell_type": "markdown",
   "id": "58a45878-d572-4215-a2ea-79bc2bc1c0ec",
   "metadata": {},
   "source": [
    "# Step 5 (cont.)\n",
    "\n",
    "• Filter out countries with a population less than 1 million.\n",
    "\n",
    "***I converted the string type numbers to float with respect to their suffixes (k, M, B) and then filtered out the data both for the 'European' condition and '>1M' condition at the same time***"
   ]
  },
  {
   "cell_type": "code",
   "execution_count": 13,
   "id": "e5806f68-6f32-4d49-9d0b-5155523e8935",
   "metadata": {
    "tags": []
   },
   "outputs": [
    {
     "data": {
      "text/html": [
       "<div>\n",
       "<style scoped>\n",
       "    .dataframe tbody tr th:only-of-type {\n",
       "        vertical-align: middle;\n",
       "    }\n",
       "\n",
       "    .dataframe tbody tr th {\n",
       "        vertical-align: top;\n",
       "    }\n",
       "\n",
       "    .dataframe thead th {\n",
       "        text-align: right;\n",
       "    }\n",
       "</style>\n",
       "<table border=\"1\" class=\"dataframe\">\n",
       "  <thead>\n",
       "    <tr style=\"text-align: right;\">\n",
       "      <th></th>\n",
       "      <th></th>\n",
       "      <th>Population</th>\n",
       "      <th>Life expectancy</th>\n",
       "      <th>GDP</th>\n",
       "    </tr>\n",
       "    <tr>\n",
       "      <th>country</th>\n",
       "      <th>year</th>\n",
       "      <th></th>\n",
       "      <th></th>\n",
       "      <th></th>\n",
       "    </tr>\n",
       "  </thead>\n",
       "  <tbody>\n",
       "    <tr>\n",
       "      <th>Albania</th>\n",
       "      <th>2000</th>\n",
       "      <td>3180000.0</td>\n",
       "      <td>75.4</td>\n",
       "      <td>6020.0</td>\n",
       "    </tr>\n",
       "    <tr>\n",
       "      <th>Armenia</th>\n",
       "      <th>2000</th>\n",
       "      <td>3170000.0</td>\n",
       "      <td>72.4</td>\n",
       "      <td>4290.0</td>\n",
       "    </tr>\n",
       "    <tr>\n",
       "      <th>Austria</th>\n",
       "      <th>2000</th>\n",
       "      <td>8010000.0</td>\n",
       "      <td>78.5</td>\n",
       "      <td>46900.0</td>\n",
       "    </tr>\n",
       "    <tr>\n",
       "      <th>Azerbaijan</th>\n",
       "      <th>2000</th>\n",
       "      <td>8190000.0</td>\n",
       "      <td>66.5</td>\n",
       "      <td>4240.0</td>\n",
       "    </tr>\n",
       "    <tr>\n",
       "      <th>Belgium</th>\n",
       "      <th>2000</th>\n",
       "      <td>10300000.0</td>\n",
       "      <td>78.0</td>\n",
       "      <td>43700.0</td>\n",
       "    </tr>\n",
       "    <tr>\n",
       "      <th>Bulgaria</th>\n",
       "      <th>2000</th>\n",
       "      <td>8100000.0</td>\n",
       "      <td>70.2</td>\n",
       "      <td>10700.0</td>\n",
       "    </tr>\n",
       "    <tr>\n",
       "      <th>Bosnia and Herzegovina</th>\n",
       "      <th>2000</th>\n",
       "      <td>4180000.0</td>\n",
       "      <td>75.5</td>\n",
       "      <td>7220.0</td>\n",
       "    </tr>\n",
       "    <tr>\n",
       "      <th>Belarus</th>\n",
       "      <th>2000</th>\n",
       "      <td>10300000.0</td>\n",
       "      <td>69.0</td>\n",
       "      <td>8620.0</td>\n",
       "    </tr>\n",
       "    <tr>\n",
       "      <th>Switzerland</th>\n",
       "      <th>2000</th>\n",
       "      <td>7180000.0</td>\n",
       "      <td>80.3</td>\n",
       "      <td>59500.0</td>\n",
       "    </tr>\n",
       "    <tr>\n",
       "      <th>Czech Republic</th>\n",
       "      <th>2000</th>\n",
       "      <td>10200000.0</td>\n",
       "      <td>75.2</td>\n",
       "      <td>24900.0</td>\n",
       "    </tr>\n",
       "    <tr>\n",
       "      <th>Germany</th>\n",
       "      <th>2000</th>\n",
       "      <td>81600000.0</td>\n",
       "      <td>78.4</td>\n",
       "      <td>43600.0</td>\n",
       "    </tr>\n",
       "    <tr>\n",
       "      <th>Denmark</th>\n",
       "      <th>2000</th>\n",
       "      <td>5340000.0</td>\n",
       "      <td>77.2</td>\n",
       "      <td>49800.0</td>\n",
       "    </tr>\n",
       "    <tr>\n",
       "      <th>Spain</th>\n",
       "      <th>2000</th>\n",
       "      <td>40700000.0</td>\n",
       "      <td>79.5</td>\n",
       "      <td>35300.0</td>\n",
       "    </tr>\n",
       "    <tr>\n",
       "      <th>Estonia</th>\n",
       "      <th>2000</th>\n",
       "      <td>1400000.0</td>\n",
       "      <td>71.0</td>\n",
       "      <td>18500.0</td>\n",
       "    </tr>\n",
       "    <tr>\n",
       "      <th>Finland</th>\n",
       "      <th>2000</th>\n",
       "      <td>5180000.0</td>\n",
       "      <td>78.0</td>\n",
       "      <td>40800.0</td>\n",
       "    </tr>\n",
       "    <tr>\n",
       "      <th>France</th>\n",
       "      <th>2000</th>\n",
       "      <td>58700000.0</td>\n",
       "      <td>79.2</td>\n",
       "      <td>40800.0</td>\n",
       "    </tr>\n",
       "    <tr>\n",
       "      <th>UK</th>\n",
       "      <th>2000</th>\n",
       "      <td>58900000.0</td>\n",
       "      <td>78.0</td>\n",
       "      <td>39800.0</td>\n",
       "    </tr>\n",
       "    <tr>\n",
       "      <th>Georgia</th>\n",
       "      <th>2000</th>\n",
       "      <td>4270000.0</td>\n",
       "      <td>70.7</td>\n",
       "      <td>5170.0</td>\n",
       "    </tr>\n",
       "    <tr>\n",
       "      <th>Greece</th>\n",
       "      <th>2000</th>\n",
       "      <td>11000000.0</td>\n",
       "      <td>78.4</td>\n",
       "      <td>29200.0</td>\n",
       "    </tr>\n",
       "    <tr>\n",
       "      <th>Croatia</th>\n",
       "      <th>2000</th>\n",
       "      <td>4550000.0</td>\n",
       "      <td>74.7</td>\n",
       "      <td>18400.0</td>\n",
       "    </tr>\n",
       "    <tr>\n",
       "      <th>Hungary</th>\n",
       "      <th>2000</th>\n",
       "      <td>10200000.0</td>\n",
       "      <td>71.9</td>\n",
       "      <td>19300.0</td>\n",
       "    </tr>\n",
       "    <tr>\n",
       "      <th>Ireland</th>\n",
       "      <th>2000</th>\n",
       "      <td>3770000.0</td>\n",
       "      <td>76.8</td>\n",
       "      <td>49500.0</td>\n",
       "    </tr>\n",
       "    <tr>\n",
       "      <th>Italy</th>\n",
       "      <th>2000</th>\n",
       "      <td>57000000.0</td>\n",
       "      <td>79.6</td>\n",
       "      <td>43600.0</td>\n",
       "    </tr>\n",
       "    <tr>\n",
       "      <th>Kazakhstan</th>\n",
       "      <th>2000</th>\n",
       "      <td>15200000.0</td>\n",
       "      <td>64.7</td>\n",
       "      <td>10700.0</td>\n",
       "    </tr>\n",
       "    <tr>\n",
       "      <th>Lithuania</th>\n",
       "      <th>2000</th>\n",
       "      <td>3600000.0</td>\n",
       "      <td>72.2</td>\n",
       "      <td>14100.0</td>\n",
       "    </tr>\n",
       "    <tr>\n",
       "      <th>Latvia</th>\n",
       "      <th>2000</th>\n",
       "      <td>2390000.0</td>\n",
       "      <td>70.7</td>\n",
       "      <td>13400.0</td>\n",
       "    </tr>\n",
       "    <tr>\n",
       "      <th>Moldova</th>\n",
       "      <th>2000</th>\n",
       "      <td>4250000.0</td>\n",
       "      <td>68.9</td>\n",
       "      <td>4890.0</td>\n",
       "    </tr>\n",
       "    <tr>\n",
       "      <th>North Macedonia</th>\n",
       "      <th>2000</th>\n",
       "      <td>2040000.0</td>\n",
       "      <td>71.5</td>\n",
       "      <td>10400.0</td>\n",
       "    </tr>\n",
       "    <tr>\n",
       "      <th>Netherlands</th>\n",
       "      <th>2000</th>\n",
       "      <td>15900000.0</td>\n",
       "      <td>78.3</td>\n",
       "      <td>48300.0</td>\n",
       "    </tr>\n",
       "    <tr>\n",
       "      <th>Norway</th>\n",
       "      <th>2000</th>\n",
       "      <td>4490000.0</td>\n",
       "      <td>78.9</td>\n",
       "      <td>59900.0</td>\n",
       "    </tr>\n",
       "    <tr>\n",
       "      <th>Poland</th>\n",
       "      <th>2000</th>\n",
       "      <td>38500000.0</td>\n",
       "      <td>73.9</td>\n",
       "      <td>16400.0</td>\n",
       "    </tr>\n",
       "    <tr>\n",
       "      <th>Portugal</th>\n",
       "      <th>2000</th>\n",
       "      <td>10300000.0</td>\n",
       "      <td>76.8</td>\n",
       "      <td>30800.0</td>\n",
       "    </tr>\n",
       "    <tr>\n",
       "      <th>Romania</th>\n",
       "      <th>2000</th>\n",
       "      <td>21900000.0</td>\n",
       "      <td>71.2</td>\n",
       "      <td>11900.0</td>\n",
       "    </tr>\n",
       "    <tr>\n",
       "      <th>Russia</th>\n",
       "      <th>2000</th>\n",
       "      <td>147000000.0</td>\n",
       "      <td>65.6</td>\n",
       "      <td>14600.0</td>\n",
       "    </tr>\n",
       "    <tr>\n",
       "      <th>Serbia</th>\n",
       "      <th>2000</th>\n",
       "      <td>7940000.0</td>\n",
       "      <td>71.4</td>\n",
       "      <td>8860.0</td>\n",
       "    </tr>\n",
       "    <tr>\n",
       "      <th>Slovak Republic</th>\n",
       "      <th>2000</th>\n",
       "      <td>5380000.0</td>\n",
       "      <td>73.7</td>\n",
       "      <td>16200.0</td>\n",
       "    </tr>\n",
       "    <tr>\n",
       "      <th>Slovenia</th>\n",
       "      <th>2000</th>\n",
       "      <td>1980000.0</td>\n",
       "      <td>76.3</td>\n",
       "      <td>26900.0</td>\n",
       "    </tr>\n",
       "    <tr>\n",
       "      <th>Sweden</th>\n",
       "      <th>2000</th>\n",
       "      <td>8870000.0</td>\n",
       "      <td>80.0</td>\n",
       "      <td>41700.0</td>\n",
       "    </tr>\n",
       "    <tr>\n",
       "      <th>Turkey</th>\n",
       "      <th>2000</th>\n",
       "      <td>64100000.0</td>\n",
       "      <td>74.7</td>\n",
       "      <td>15500.0</td>\n",
       "    </tr>\n",
       "    <tr>\n",
       "      <th>Ukraine</th>\n",
       "      <th>2000</th>\n",
       "      <td>48900000.0</td>\n",
       "      <td>68.0</td>\n",
       "      <td>7480.0</td>\n",
       "    </tr>\n",
       "  </tbody>\n",
       "</table>\n",
       "</div>"
      ],
      "text/plain": [
       "                              Population  Life expectancy      GDP\n",
       "country                year                                       \n",
       "Albania                2000    3180000.0             75.4   6020.0\n",
       "Armenia                2000    3170000.0             72.4   4290.0\n",
       "Austria                2000    8010000.0             78.5  46900.0\n",
       "Azerbaijan             2000    8190000.0             66.5   4240.0\n",
       "Belgium                2000   10300000.0             78.0  43700.0\n",
       "Bulgaria               2000    8100000.0             70.2  10700.0\n",
       "Bosnia and Herzegovina 2000    4180000.0             75.5   7220.0\n",
       "Belarus                2000   10300000.0             69.0   8620.0\n",
       "Switzerland            2000    7180000.0             80.3  59500.0\n",
       "Czech Republic         2000   10200000.0             75.2  24900.0\n",
       "Germany                2000   81600000.0             78.4  43600.0\n",
       "Denmark                2000    5340000.0             77.2  49800.0\n",
       "Spain                  2000   40700000.0             79.5  35300.0\n",
       "Estonia                2000    1400000.0             71.0  18500.0\n",
       "Finland                2000    5180000.0             78.0  40800.0\n",
       "France                 2000   58700000.0             79.2  40800.0\n",
       "UK                     2000   58900000.0             78.0  39800.0\n",
       "Georgia                2000    4270000.0             70.7   5170.0\n",
       "Greece                 2000   11000000.0             78.4  29200.0\n",
       "Croatia                2000    4550000.0             74.7  18400.0\n",
       "Hungary                2000   10200000.0             71.9  19300.0\n",
       "Ireland                2000    3770000.0             76.8  49500.0\n",
       "Italy                  2000   57000000.0             79.6  43600.0\n",
       "Kazakhstan             2000   15200000.0             64.7  10700.0\n",
       "Lithuania              2000    3600000.0             72.2  14100.0\n",
       "Latvia                 2000    2390000.0             70.7  13400.0\n",
       "Moldova                2000    4250000.0             68.9   4890.0\n",
       "North Macedonia        2000    2040000.0             71.5  10400.0\n",
       "Netherlands            2000   15900000.0             78.3  48300.0\n",
       "Norway                 2000    4490000.0             78.9  59900.0\n",
       "Poland                 2000   38500000.0             73.9  16400.0\n",
       "Portugal               2000   10300000.0             76.8  30800.0\n",
       "Romania                2000   21900000.0             71.2  11900.0\n",
       "Russia                 2000  147000000.0             65.6  14600.0\n",
       "Serbia                 2000    7940000.0             71.4   8860.0\n",
       "Slovak Republic        2000    5380000.0             73.7  16200.0\n",
       "Slovenia               2000    1980000.0             76.3  26900.0\n",
       "Sweden                 2000    8870000.0             80.0  41700.0\n",
       "Turkey                 2000   64100000.0             74.7  15500.0\n",
       "Ukraine                2000   48900000.0             68.0   7480.0"
      ]
     },
     "execution_count": 13,
     "metadata": {},
     "output_type": "execute_result"
    }
   ],
   "source": [
    "def str_to_float_with_suffix(s):\n",
    "    if type(s) == str:\n",
    "        if s[-1] == 'k':\n",
    "            return float(s[:-1]) * 1000\n",
    "        elif s[-1] == 'M':\n",
    "            return float(s[:-1]) * 1000000\n",
    "\n",
    "        elif s[-1] == 'B':\n",
    "            return float(s[:-1]) * 1000000000\n",
    "        else:\n",
    "            return float(s)\n",
    "    else:\n",
    "        return float(s)\n",
    "\n",
    "my_df_wout_nans['Population'] = my_df_wout_nans['Population'].apply(str_to_float_with_suffix)\n",
    "my_df_wout_nans['GDP'] = my_df_wout_nans['GDP'].apply(str_to_float_with_suffix)\n",
    "\n",
    "my_df_2000 = my_df_wout_nans.loc[my_df_wout_nans.index.get_level_values('year') == '2000']\n",
    "\n",
    "\n",
    "# Apply this to the broader DataFrame as it will come as useful in the questions that will folllow\n",
    "\n",
    "# Filtering here:\n",
    "filtered_df = my_df_2000[(my_df_2000.index.get_level_values(0).isin(EUROPEAN_COUNTRY_LIST)) & (my_df_2000['Population'] > 1000000)]\n",
    "filtered_df\n"
   ]
  },
  {
   "cell_type": "markdown",
   "id": "8880d436-2d27-44c4-b99e-30105d8167c7",
   "metadata": {},
   "source": [
    "# Step 6\n",
    "\n",
    "### 6. Data Organization:\n",
    "• Sort the dataset based on life expectancy in ascending order."
   ]
  },
  {
   "cell_type": "code",
   "execution_count": 14,
   "id": "cb225b10-234e-4124-98da-360642d7a73c",
   "metadata": {
    "tags": []
   },
   "outputs": [
    {
     "data": {
      "text/html": [
       "<div>\n",
       "<style scoped>\n",
       "    .dataframe tbody tr th:only-of-type {\n",
       "        vertical-align: middle;\n",
       "    }\n",
       "\n",
       "    .dataframe tbody tr th {\n",
       "        vertical-align: top;\n",
       "    }\n",
       "\n",
       "    .dataframe thead th {\n",
       "        text-align: right;\n",
       "    }\n",
       "</style>\n",
       "<table border=\"1\" class=\"dataframe\">\n",
       "  <thead>\n",
       "    <tr style=\"text-align: right;\">\n",
       "      <th></th>\n",
       "      <th></th>\n",
       "      <th>Population</th>\n",
       "      <th>Life expectancy</th>\n",
       "      <th>GDP</th>\n",
       "    </tr>\n",
       "    <tr>\n",
       "      <th>country</th>\n",
       "      <th>year</th>\n",
       "      <th></th>\n",
       "      <th></th>\n",
       "      <th></th>\n",
       "    </tr>\n",
       "  </thead>\n",
       "  <tbody>\n",
       "    <tr>\n",
       "      <th>Kazakhstan</th>\n",
       "      <th>2000</th>\n",
       "      <td>15200000.0</td>\n",
       "      <td>64.7</td>\n",
       "      <td>10700.0</td>\n",
       "    </tr>\n",
       "    <tr>\n",
       "      <th>Russia</th>\n",
       "      <th>2000</th>\n",
       "      <td>147000000.0</td>\n",
       "      <td>65.6</td>\n",
       "      <td>14600.0</td>\n",
       "    </tr>\n",
       "    <tr>\n",
       "      <th>Azerbaijan</th>\n",
       "      <th>2000</th>\n",
       "      <td>8190000.0</td>\n",
       "      <td>66.5</td>\n",
       "      <td>4240.0</td>\n",
       "    </tr>\n",
       "    <tr>\n",
       "      <th>Ukraine</th>\n",
       "      <th>2000</th>\n",
       "      <td>48900000.0</td>\n",
       "      <td>68.0</td>\n",
       "      <td>7480.0</td>\n",
       "    </tr>\n",
       "    <tr>\n",
       "      <th>Moldova</th>\n",
       "      <th>2000</th>\n",
       "      <td>4250000.0</td>\n",
       "      <td>68.9</td>\n",
       "      <td>4890.0</td>\n",
       "    </tr>\n",
       "    <tr>\n",
       "      <th>Belarus</th>\n",
       "      <th>2000</th>\n",
       "      <td>10300000.0</td>\n",
       "      <td>69.0</td>\n",
       "      <td>8620.0</td>\n",
       "    </tr>\n",
       "    <tr>\n",
       "      <th>Bulgaria</th>\n",
       "      <th>2000</th>\n",
       "      <td>8100000.0</td>\n",
       "      <td>70.2</td>\n",
       "      <td>10700.0</td>\n",
       "    </tr>\n",
       "    <tr>\n",
       "      <th>Latvia</th>\n",
       "      <th>2000</th>\n",
       "      <td>2390000.0</td>\n",
       "      <td>70.7</td>\n",
       "      <td>13400.0</td>\n",
       "    </tr>\n",
       "    <tr>\n",
       "      <th>Georgia</th>\n",
       "      <th>2000</th>\n",
       "      <td>4270000.0</td>\n",
       "      <td>70.7</td>\n",
       "      <td>5170.0</td>\n",
       "    </tr>\n",
       "    <tr>\n",
       "      <th>Estonia</th>\n",
       "      <th>2000</th>\n",
       "      <td>1400000.0</td>\n",
       "      <td>71.0</td>\n",
       "      <td>18500.0</td>\n",
       "    </tr>\n",
       "    <tr>\n",
       "      <th>Romania</th>\n",
       "      <th>2000</th>\n",
       "      <td>21900000.0</td>\n",
       "      <td>71.2</td>\n",
       "      <td>11900.0</td>\n",
       "    </tr>\n",
       "    <tr>\n",
       "      <th>Serbia</th>\n",
       "      <th>2000</th>\n",
       "      <td>7940000.0</td>\n",
       "      <td>71.4</td>\n",
       "      <td>8860.0</td>\n",
       "    </tr>\n",
       "    <tr>\n",
       "      <th>North Macedonia</th>\n",
       "      <th>2000</th>\n",
       "      <td>2040000.0</td>\n",
       "      <td>71.5</td>\n",
       "      <td>10400.0</td>\n",
       "    </tr>\n",
       "    <tr>\n",
       "      <th>Hungary</th>\n",
       "      <th>2000</th>\n",
       "      <td>10200000.0</td>\n",
       "      <td>71.9</td>\n",
       "      <td>19300.0</td>\n",
       "    </tr>\n",
       "    <tr>\n",
       "      <th>Lithuania</th>\n",
       "      <th>2000</th>\n",
       "      <td>3600000.0</td>\n",
       "      <td>72.2</td>\n",
       "      <td>14100.0</td>\n",
       "    </tr>\n",
       "    <tr>\n",
       "      <th>Armenia</th>\n",
       "      <th>2000</th>\n",
       "      <td>3170000.0</td>\n",
       "      <td>72.4</td>\n",
       "      <td>4290.0</td>\n",
       "    </tr>\n",
       "    <tr>\n",
       "      <th>Slovak Republic</th>\n",
       "      <th>2000</th>\n",
       "      <td>5380000.0</td>\n",
       "      <td>73.7</td>\n",
       "      <td>16200.0</td>\n",
       "    </tr>\n",
       "    <tr>\n",
       "      <th>Poland</th>\n",
       "      <th>2000</th>\n",
       "      <td>38500000.0</td>\n",
       "      <td>73.9</td>\n",
       "      <td>16400.0</td>\n",
       "    </tr>\n",
       "    <tr>\n",
       "      <th>Turkey</th>\n",
       "      <th>2000</th>\n",
       "      <td>64100000.0</td>\n",
       "      <td>74.7</td>\n",
       "      <td>15500.0</td>\n",
       "    </tr>\n",
       "    <tr>\n",
       "      <th>Croatia</th>\n",
       "      <th>2000</th>\n",
       "      <td>4550000.0</td>\n",
       "      <td>74.7</td>\n",
       "      <td>18400.0</td>\n",
       "    </tr>\n",
       "    <tr>\n",
       "      <th>Czech Republic</th>\n",
       "      <th>2000</th>\n",
       "      <td>10200000.0</td>\n",
       "      <td>75.2</td>\n",
       "      <td>24900.0</td>\n",
       "    </tr>\n",
       "    <tr>\n",
       "      <th>Albania</th>\n",
       "      <th>2000</th>\n",
       "      <td>3180000.0</td>\n",
       "      <td>75.4</td>\n",
       "      <td>6020.0</td>\n",
       "    </tr>\n",
       "    <tr>\n",
       "      <th>Bosnia and Herzegovina</th>\n",
       "      <th>2000</th>\n",
       "      <td>4180000.0</td>\n",
       "      <td>75.5</td>\n",
       "      <td>7220.0</td>\n",
       "    </tr>\n",
       "    <tr>\n",
       "      <th>Slovenia</th>\n",
       "      <th>2000</th>\n",
       "      <td>1980000.0</td>\n",
       "      <td>76.3</td>\n",
       "      <td>26900.0</td>\n",
       "    </tr>\n",
       "    <tr>\n",
       "      <th>Ireland</th>\n",
       "      <th>2000</th>\n",
       "      <td>3770000.0</td>\n",
       "      <td>76.8</td>\n",
       "      <td>49500.0</td>\n",
       "    </tr>\n",
       "    <tr>\n",
       "      <th>Portugal</th>\n",
       "      <th>2000</th>\n",
       "      <td>10300000.0</td>\n",
       "      <td>76.8</td>\n",
       "      <td>30800.0</td>\n",
       "    </tr>\n",
       "    <tr>\n",
       "      <th>Denmark</th>\n",
       "      <th>2000</th>\n",
       "      <td>5340000.0</td>\n",
       "      <td>77.2</td>\n",
       "      <td>49800.0</td>\n",
       "    </tr>\n",
       "    <tr>\n",
       "      <th>Belgium</th>\n",
       "      <th>2000</th>\n",
       "      <td>10300000.0</td>\n",
       "      <td>78.0</td>\n",
       "      <td>43700.0</td>\n",
       "    </tr>\n",
       "    <tr>\n",
       "      <th>UK</th>\n",
       "      <th>2000</th>\n",
       "      <td>58900000.0</td>\n",
       "      <td>78.0</td>\n",
       "      <td>39800.0</td>\n",
       "    </tr>\n",
       "    <tr>\n",
       "      <th>Finland</th>\n",
       "      <th>2000</th>\n",
       "      <td>5180000.0</td>\n",
       "      <td>78.0</td>\n",
       "      <td>40800.0</td>\n",
       "    </tr>\n",
       "    <tr>\n",
       "      <th>Netherlands</th>\n",
       "      <th>2000</th>\n",
       "      <td>15900000.0</td>\n",
       "      <td>78.3</td>\n",
       "      <td>48300.0</td>\n",
       "    </tr>\n",
       "    <tr>\n",
       "      <th>Greece</th>\n",
       "      <th>2000</th>\n",
       "      <td>11000000.0</td>\n",
       "      <td>78.4</td>\n",
       "      <td>29200.0</td>\n",
       "    </tr>\n",
       "    <tr>\n",
       "      <th>Germany</th>\n",
       "      <th>2000</th>\n",
       "      <td>81600000.0</td>\n",
       "      <td>78.4</td>\n",
       "      <td>43600.0</td>\n",
       "    </tr>\n",
       "    <tr>\n",
       "      <th>Austria</th>\n",
       "      <th>2000</th>\n",
       "      <td>8010000.0</td>\n",
       "      <td>78.5</td>\n",
       "      <td>46900.0</td>\n",
       "    </tr>\n",
       "    <tr>\n",
       "      <th>Norway</th>\n",
       "      <th>2000</th>\n",
       "      <td>4490000.0</td>\n",
       "      <td>78.9</td>\n",
       "      <td>59900.0</td>\n",
       "    </tr>\n",
       "    <tr>\n",
       "      <th>France</th>\n",
       "      <th>2000</th>\n",
       "      <td>58700000.0</td>\n",
       "      <td>79.2</td>\n",
       "      <td>40800.0</td>\n",
       "    </tr>\n",
       "    <tr>\n",
       "      <th>Spain</th>\n",
       "      <th>2000</th>\n",
       "      <td>40700000.0</td>\n",
       "      <td>79.5</td>\n",
       "      <td>35300.0</td>\n",
       "    </tr>\n",
       "    <tr>\n",
       "      <th>Italy</th>\n",
       "      <th>2000</th>\n",
       "      <td>57000000.0</td>\n",
       "      <td>79.6</td>\n",
       "      <td>43600.0</td>\n",
       "    </tr>\n",
       "    <tr>\n",
       "      <th>Sweden</th>\n",
       "      <th>2000</th>\n",
       "      <td>8870000.0</td>\n",
       "      <td>80.0</td>\n",
       "      <td>41700.0</td>\n",
       "    </tr>\n",
       "    <tr>\n",
       "      <th>Switzerland</th>\n",
       "      <th>2000</th>\n",
       "      <td>7180000.0</td>\n",
       "      <td>80.3</td>\n",
       "      <td>59500.0</td>\n",
       "    </tr>\n",
       "  </tbody>\n",
       "</table>\n",
       "</div>"
      ],
      "text/plain": [
       "                              Population  Life expectancy      GDP\n",
       "country                year                                       \n",
       "Kazakhstan             2000   15200000.0             64.7  10700.0\n",
       "Russia                 2000  147000000.0             65.6  14600.0\n",
       "Azerbaijan             2000    8190000.0             66.5   4240.0\n",
       "Ukraine                2000   48900000.0             68.0   7480.0\n",
       "Moldova                2000    4250000.0             68.9   4890.0\n",
       "Belarus                2000   10300000.0             69.0   8620.0\n",
       "Bulgaria               2000    8100000.0             70.2  10700.0\n",
       "Latvia                 2000    2390000.0             70.7  13400.0\n",
       "Georgia                2000    4270000.0             70.7   5170.0\n",
       "Estonia                2000    1400000.0             71.0  18500.0\n",
       "Romania                2000   21900000.0             71.2  11900.0\n",
       "Serbia                 2000    7940000.0             71.4   8860.0\n",
       "North Macedonia        2000    2040000.0             71.5  10400.0\n",
       "Hungary                2000   10200000.0             71.9  19300.0\n",
       "Lithuania              2000    3600000.0             72.2  14100.0\n",
       "Armenia                2000    3170000.0             72.4   4290.0\n",
       "Slovak Republic        2000    5380000.0             73.7  16200.0\n",
       "Poland                 2000   38500000.0             73.9  16400.0\n",
       "Turkey                 2000   64100000.0             74.7  15500.0\n",
       "Croatia                2000    4550000.0             74.7  18400.0\n",
       "Czech Republic         2000   10200000.0             75.2  24900.0\n",
       "Albania                2000    3180000.0             75.4   6020.0\n",
       "Bosnia and Herzegovina 2000    4180000.0             75.5   7220.0\n",
       "Slovenia               2000    1980000.0             76.3  26900.0\n",
       "Ireland                2000    3770000.0             76.8  49500.0\n",
       "Portugal               2000   10300000.0             76.8  30800.0\n",
       "Denmark                2000    5340000.0             77.2  49800.0\n",
       "Belgium                2000   10300000.0             78.0  43700.0\n",
       "UK                     2000   58900000.0             78.0  39800.0\n",
       "Finland                2000    5180000.0             78.0  40800.0\n",
       "Netherlands            2000   15900000.0             78.3  48300.0\n",
       "Greece                 2000   11000000.0             78.4  29200.0\n",
       "Germany                2000   81600000.0             78.4  43600.0\n",
       "Austria                2000    8010000.0             78.5  46900.0\n",
       "Norway                 2000    4490000.0             78.9  59900.0\n",
       "France                 2000   58700000.0             79.2  40800.0\n",
       "Spain                  2000   40700000.0             79.5  35300.0\n",
       "Italy                  2000   57000000.0             79.6  43600.0\n",
       "Sweden                 2000    8870000.0             80.0  41700.0\n",
       "Switzerland            2000    7180000.0             80.3  59500.0"
      ]
     },
     "execution_count": 14,
     "metadata": {},
     "output_type": "execute_result"
    }
   ],
   "source": [
    "filtered_df = filtered_df.sort_values(by='Life expectancy')\n",
    "filtered_df\n",
    "\n",
